# QGIS Generated Color Map Export File
INTERPOLATION:DISCRETE
-1.37,234,0,255,255,<= -1.37
-1.2,253,23,0,255,-1.37 - -1.20
-1.04,250,46,0,255,-1.20 - -1.04
-0.714,247,70,0,255,-1.04 - -0.714
-0.392,244,93,0,255,-0.714 - -0.392
-0.0706,241,117,0,255,-0.392 - -0.0706
0.251,238,140,0,255,-0.0706 - 0.251
0.573,237,164,0,255,0.251 - 0.573
0.894,242,188,3,255,0.573 - 0.894
1.22,248,213,6,255,0.894 - 1.22
1.54,253,238,9,255,1.22 - 1.54
1.86,227,237,41,255,1.54 - 1.86
2.18,181,219,93,255,1.86 - 2.18
2.5,135,202,144,255,2.18 - 2.5
2.82,89,185,195,255,2.5 - 2.82
3.15,87,182,195,255,2.82 - 3.15
3.47,86,180,192,255,3.15 - 3.47
3.79,85,178,189,255,3.47 - 3.79
4.11,85,176,186,255,3.79 - 4.11
4.43,84,174,184,255,4.11 - 4.43
4.75,83,172,181,255,4.43 - 4.75
5.07,83,170,178,255,4.75 - 5.07
5.4,82,168,175,255,5.07 - 5.4
5.72,82,166,173,255,5.4 - 5.72
6.04,81,164,170,255,5.72 - 6.04
6.36,80,162,167,255,6.04 - 6.36
6.68,80,159,164,255,6.36 - 6.68
7,79,157,162,255,6.68 - 7
7.33,78,155,159,255,7 - 7.33
7.65,78,153,156,255,7.33 - 7.65
7.97,77,151,153,255,7.65 - 7.97
8.29,76,149,151,255,7.97 - 8.29
8.61,76,147,148,255,8.29 - 8.61
8.93,75,145,145,255,8.61 - 8.93
9.25,75,143,142,255,8.93 - 9.25
9.58,74,141,140,255,9.25 - 9.58
9.9,73,139,137,255,9.58 - 9.9
10.2,73,137,134,255,9.9 - 10.2
10.5,72,134,131,255,10.2 - 10.5
10.9,71,132,129,255,10.5 - 10.9
11.2,71,130,126,255,10.9 - 11.2
11.5,70,128,123,255,11.2 - 11.5
11.8,70,126,121,255,11.5 - 11.8
12.1,69,124,118,255,11.8 - 12.1
12.5,68,122,115,255,12.1 - 12.5
12.8,68,120,112,255,12.5 - 12.8
13.1,67,118,110,255,12.8 - 13.1
13.4,66,116,107,255,13.1 - 13.4
13.8,66,114,104,255,13.4 - 13.8
14.1,65,112,101,255,13.8 - 14.1
14.4,64,110,102,255,14.1 - 14.4
14.7,63,108,104,255,14.4 - 14.7
15,62,106,106,255,14.7 - 15
15.4,61,103,107,255,15 - 15.4
15.7,59,101,109,255,15.4 - 15.7
16,58,99,110,255,15.7 - 16
16.3,57,97,112,255,16 - 16.3
16.7,56,95,114,255,16.3 - 16.7
17,55,93,115,255,16.7 - 17
17.3,53,91,117,255,17 - 17.3
17.6,52,89,119,255,17.3 - 17.6
17.9,51,87,120,255,17.6 - 17.9
18.3,50,85,122,255,17.9 - 18.3
18.6,49,83,124,255,18.3 - 18.6
18.9,48,81,125,255,18.6 - 18.9
19.2,46,79,127,255,18.9 - 19.2
19.5,45,77,129,255,19.2 - 19.5
19.9,44,75,130,255,19.5 - 19.9
20.2,43,73,132,255,19.9 - 20.2
20.5,42,71,134,255,20.2 - 20.5
20.8,40,69,135,255,20.5 - 20.8
21.2,39,67,137,255,20.8 - 21.2
21.5,38,65,138,255,21.2 - 21.5
21.8,37,63,140,255,21.5 - 21.8
22.1,36,61,142,255,21.8 - 22.1
22.4,35,59,143,255,22.1 - 22.4
22.8,33,57,145,255,22.4 - 22.8
23.1,32,55,147,255,22.8 - 23.1
23.4,31,53,148,255,23.1 - 23.4
23.7,30,51,150,255,23.4 - 23.7
24,29,49,152,255,23.7 - 24
24.4,27,47,153,255,24 - 24.4
24.7,26,45,155,255,24.4 - 24.7
25,25,43,157,255,24.7 - 25
25.3,24,41,158,255,25 - 25.3
25.7,23,39,160,255,25.3 - 25.7
26,22,37,161,255,25.7 - 26
26.3,20,35,163,255,26 - 26.3
26.6,19,33,165,255,26.3 - 26.6
26.9,18,31,166,255,26.6 - 26.9
27.3,17,29,168,255,26.9 - 27.3
27.6,16,27,170,255,27.3 - 27.6
27.9,15,25,171,255,27.6 - 27.9
28.2,13,23,173,255,27.9 - 28.2
28.5,12,21,175,255,28.2 - 28.5
28.9,11,19,176,255,28.5 - 28.9
29.2,10,17,178,255,28.9 - 29.2
29.5,9,15,180,255,29.2 - 29.5
29.8,7,13,181,255,29.5 - 29.8
30.2,6,11,183,255,29.8 - 30.2
30.5,5,9,185,255,30.2 - 30.5
30.8,4,7,186,255,30.5 - 30.8
31.1,3,5,188,255,30.8 - 31.1
31.4,2,3,189,255,31.1 - 31.4
31.8,0,1,191,255,31.4 - 31.8
32.1,0,0,191,255,31.8 - 32.1
32.4,0,0,190,255,32.1 - 32.4
32.7,0,0,188,255,32.4 - 32.7
33.1,0,0,187,255,32.7 - 33.1
33.4,0,0,186,255,33.1 - 33.4
33.7,0,0,185,255,33.4 - 33.7
34,0,0,183,255,33.7 - 34
34.3,0,0,182,255,34 - 34.3
34.7,0,0,181,255,34.3 - 34.7
35,0,0,179,255,34.7 - 35
35.3,0,0,178,255,35 - 35.3
35.6,0,0,177,255,35.3 - 35.6
35.9,0,0,176,255,35.6 - 35.9
36.3,0,0,174,255,35.9 - 36.3
36.6,0,0,173,255,36.3 - 36.6
36.9,0,0,172,255,36.6 - 36.9
37.2,0,0,170,255,36.9 - 37.2
37.6,0,0,169,255,37.2 - 37.6
37.9,0,0,168,255,37.6 - 37.9
38.2,0,0,167,255,37.9 - 38.2
38.5,0,0,165,255,38.2 - 38.5
38.8,0,0,164,255,38.5 - 38.8
39.2,0,0,163,255,38.8 - 39.2
39.5,0,0,161,255,39.2 - 39.5
39.8,0,0,160,255,39.5 - 39.8
40.1,0,0,159,255,39.8 - 40.1
40.4,0,0,158,255,40.1 - 40.4
40.8,0,0,156,255,40.4 - 40.8
41.1,0,0,155,255,40.8 - 41.1
41.4,0,0,154,255,41.1 - 41.4
41.7,0,0,152,255,41.4 - 41.7
42.1,0,0,151,255,41.7 - 42.1
42.4,0,0,150,255,42.1 - 42.4
42.7,0,0,149,255,42.4 - 42.7
43,0,0,147,255,42.7 - 43
43.3,0,0,146,255,43 - 43.3
43.7,0,0,145,255,43.3 - 43.7
44,0,0,143,255,43.7 - 44
44.3,0,0,142,255,44 - 44.3
44.6,0,0,141,255,44.3 - 44.6
44.9,0,0,140,255,44.6 - 44.9
45.3,0,0,138,255,44.9 - 45.3
45.6,0,0,137,255,45.3 - 45.6
45.9,0,0,136,255,45.6 - 45.9
46.2,0,0,134,255,45.9 - 46.2
46.6,0,0,133,255,46.2 - 46.6
46.9,0,0,132,255,46.6 - 46.9
47.2,0,0,131,255,46.9 - 47.2
47.5,0,0,129,255,47.2 - 47.5
47.8,0,0,128,255,47.5 - 47.8
48.2,0,0,127,255,47.8 - 48.2
48.5,0,0,125,255,48.2 - 48.5
48.8,0,0,124,255,48.5 - 48.8
49.1,0,0,123,255,48.8 - 49.1
49.5,0,0,122,255,49.1 - 49.5
49.8,0,0,120,255,49.5 - 49.8
50.1,0,0,119,255,49.8 - 50.1
50.4,0,0,118,255,50.1 - 50.4
50.7,0,0,116,255,50.4 - 50.7
51.1,0,0,115,255,50.7 - 51.1
51.4,0,0,114,255,51.1 - 51.4
51.7,0,0,113,255,51.4 - 51.7
52,0,0,111,255,51.7 - 52
52.3,0,0,110,255,52 - 52.3
52.7,0,0,109,255,52.3 - 52.7
53,0,0,107,255,52.7 - 53
53.3,0,0,106,255,53 - 53.3
53.6,0,0,105,255,53.3 - 53.6
54,0,0,104,255,53.6 - 54
54.3,0,0,102,255,54 - 54.3
54.6,0,0,101,255,54.3 - 54.6
54.9,0,0,100,255,54.6 - 54.9
55.2,0,0,98,255,54.9 - 55.2
55.6,0,0,97,255,55.2 - 55.6
55.9,0,0,96,255,55.6 - 55.9
56.2,0,0,95,255,55.9 - 56.2
56.5,0,0,93,255,56.2 - 56.5
56.8,0,0,92,255,56.5 - 56.8
57.2,0,0,91,255,56.8 - 57.2
57.5,0,0,89,255,57.2 - 57.5
57.8,0,0,88,255,57.5 - 57.8
58.1,0,0,87,255,57.8 - 58.1
58.5,0,0,86,255,58.1 - 58.5
58.8,0,0,84,255,58.5 - 58.8
59.1,0,0,83,255,58.8 - 59.1
59.4,0,0,82,255,59.1 - 59.4
59.7,0,0,80,255,59.4 - 59.7
60.1,0,0,79,255,59.7 - 60.1
60.4,0,0,78,255,60.1 - 60.4
60.7,0,0,77,255,60.4 - 60.7
61,0,0,75,255,60.7 - 61
61.3,0,0,74,255,61 - 61.3
61.7,0,0,73,255,61.3 - 61.7
62,0,0,71,255,61.7 - 62
62.3,0,0,70,255,62 - 62.3
62.6,0,0,69,255,62.3 - 62.6
63,0,0,68,255,62.6 - 63
63.3,0,0,66,255,63 - 63.3
63.6,0,0,65,255,63.3 - 63.6
63.9,0,0,64,255,63.6 - 63.9
64.2,0,0,62,255,63.9 - 64.2
64.6,0,0,61,255,64.2 - 64.6
64.9,0,0,60,255,64.6 - 64.9
65.2,0,0,59,255,64.9 - 65.2
65.5,0,0,57,255,65.2 - 65.5
65.9,0,0,56,255,65.5 - 65.9
66.2,0,0,55,255,65.9 - 66.2
66.5,0,0,53,255,66.2 - 66.5
66.8,0,0,52,255,66.5 - 66.8
67.1,0,0,51,255,66.8 - 67.1
67.5,0,0,50,255,67.1 - 67.5
67.8,0,0,48,255,67.5 - 67.8
68.1,0,0,47,255,67.8 - 68.1
68.4,0,0,46,255,68.1 - 68.4
68.7,0,0,44,255,68.4 - 68.7
69.1,0,0,43,255,68.7 - 69.1
69.4,0,0,42,255,69.1 - 69.4
69.7,0,0,41,255,69.4 - 69.7
70,0,0,39,255,69.7 - 70
70.4,0,0,38,255,70 - 70.4
70.7,0,0,37,255,70.4 - 70.7
71,0,0,35,255,70.7 - 71
71.3,0,0,34,255,71 - 71.3
71.6,0,0,33,255,71.3 - 71.6
72,0,0,32,255,71.6 - 72
72.3,0,0,30,255,72 - 72.3
72.6,0,0,29,255,72.3 - 72.6
72.9,0,0,28,255,72.6 - 72.9
73.2,0,0,26,255,72.9 - 73.2
73.6,0,0,25,255,73.2 - 73.6
73.9,0,0,24,255,73.6 - 73.9
74.2,0,0,23,255,73.9 - 74.2
74.5,0,0,21,255,74.2 - 74.5
74.9,0,0,20,255,74.5 - 74.9
75.2,0,0,19,255,74.9 - 75.2
75.5,0,0,17,255,75.2 - 75.5
75.8,0,0,16,255,75.5 - 75.8
76.1,0,0,15,255,75.8 - 76.1
76.5,0,0,14,255,76.1 - 76.5
76.8,0,0,12,255,76.5 - 76.8
77.1,0,0,11,255,76.8 - 77.1
77.4,0,0,10,255,77.1 - 77.4
77.7,0,0,8,255,77.4 - 77.7
78.1,0,0,7,255,77.7 - 78.1
78.4,0,0,6,255,78.1 - 78.4
78.7,0,0,5,255,78.4 - 78.7
79,0,0,3,255,78.7 - 79
79.4,0,0,2,255,79 - 79.4
79.7,0,0,1,255,79.4 - 79.7
inf,0,0,0,255,> 79.7
