# QGIS Generated Color Map Export File
INTERPOLATION:DISCRETE
-1.68,215,25,28,255,<= -1.68
-1.36,225,62,45,255,-1.68 - -1.36
-1.04,235,100,63,255,-1.36 - -1.04
-0.714,244,138,80,255,-1.04 - -0.714
-0.392,254,175,98,255,-0.714 - -0.392
-0.0706,254,192,118,255,-0.392 - -0.0706
0.251,254,210,139,255,-0.0706 - 0.251
0.573,255,228,159,255,0.251 - 0.573
0.894,255,246,180,255,0.573 - 0.894
1.22,247,252,188,255,0.894 - 1.22
1.54,227,244,182,255,1.22 - 1.54
1.86,207,236,176,255,1.54 - 1.86
2.18,187,228,169,255,1.86 - 2.18
2.5,171,221,164,255,2.18 - 2.5
2.82,168,217,164,255,2.5 - 2.82
3.15,164,214,164,255,2.82 - 3.15
3.47,161,211,165,255,3.15 - 3.47
3.79,158,207,165,255,3.47 - 3.79
4.11,155,204,165,255,3.79 - 4.11
4.43,152,200,165,255,4.11 - 4.43
4.75,149,197,165,255,4.43 - 4.75
5.07,146,193,165,255,4.75 - 5.07
5.4,143,190,166,255,5.07 - 5.4
5.72,140,187,166,255,5.4 - 5.72
6.04,137,183,166,255,5.72 - 6.04
6.36,134,180,166,255,6.04 - 6.36
6.68,130,176,166,255,6.36 - 6.68
7,127,173,166,255,6.68 - 7
7.33,124,170,167,255,7 - 7.33
7.65,121,166,167,255,7.33 - 7.65
7.97,118,163,167,255,7.65 - 7.97
8.29,115,159,167,255,7.97 - 8.29
8.61,112,156,167,255,8.29 - 8.61
8.93,109,152,167,255,8.61 - 8.93
9.25,106,149,168,255,8.93 - 9.25
9.58,103,146,168,255,9.25 - 9.58
9.9,100,142,168,255,9.58 - 9.9
10.2,96,139,168,255,9.9 - 10.2
10.5,93,135,168,255,10.2 - 10.5
10.9,90,132,168,255,10.5 - 10.9
11.2,87,129,169,255,10.9 - 11.2
11.5,84,125,169,255,11.2 - 11.5
11.8,81,122,169,255,11.5 - 11.8
12.1,78,118,169,255,11.8 - 12.1
12.5,75,115,169,255,12.1 - 12.5
12.8,72,111,169,255,12.5 - 12.8
13.1,69,108,170,255,12.8 - 13.1
13.4,66,105,170,255,13.1 - 13.4
13.8,62,101,170,255,13.4 - 13.8
14.1,59,98,170,255,13.8 - 14.1
14.4,56,94,170,255,14.1 - 14.4
14.7,53,91,170,255,14.4 - 14.7
15,50,88,171,255,14.7 - 15
15.4,47,84,171,255,15 - 15.4
15.7,44,81,171,255,15.4 - 15.7
16,41,77,171,255,15.7 - 16
16.3,38,74,171,255,16 - 16.3
16.7,35,71,171,255,16.3 - 16.7
17,32,67,171,255,16.7 - 17
17.3,28,64,172,255,17 - 17.3
17.6,25,60,172,255,17.3 - 17.6
17.9,22,57,172,255,17.6 - 17.9
18.3,19,53,172,255,17.9 - 18.3
18.6,16,50,172,255,18.3 - 18.6
18.9,13,47,172,255,18.6 - 18.9
19.2,10,43,173,255,18.9 - 19.2
19.5,7,40,173,255,19.2 - 19.5
19.9,4,36,173,255,19.5 - 19.9
20.2,1,33,173,255,19.9 - 20.2
20.5,0,32,173,255,20.2 - 20.5
20.8,0,31,172,255,20.5 - 20.8
21.2,0,31,171,255,20.8 - 21.2
21.5,0,31,170,255,21.2 - 21.5
21.8,0,31,169,255,21.5 - 21.8
22.1,0,31,168,255,21.8 - 22.1
22.4,0,30,167,255,22.1 - 22.4
22.8,0,30,166,255,22.4 - 22.8
23.1,0,30,165,255,22.8 - 23.1
23.4,0,30,164,255,23.1 - 23.4
23.7,0,30,163,255,23.4 - 23.7
24,0,30,162,255,23.7 - 24
24.4,0,29,161,255,24 - 24.4
24.7,0,29,160,255,24.4 - 24.7
25,0,29,160,255,24.7 - 25
25.3,0,29,159,255,25 - 25.3
25.7,0,29,158,255,25.3 - 25.7
26,0,29,157,255,25.7 - 26
26.3,0,28,156,255,26 - 26.3
26.6,0,28,155,255,26.3 - 26.6
26.9,0,28,154,255,26.6 - 26.9
27.3,0,28,153,255,26.9 - 27.3
27.6,0,28,152,255,27.3 - 27.6
27.9,0,28,151,255,27.6 - 27.9
28.2,0,27,150,255,27.9 - 28.2
28.5,0,27,149,255,28.2 - 28.5
28.9,0,27,148,255,28.5 - 28.9
29.2,0,27,147,255,28.9 - 29.2
29.5,0,27,146,255,29.2 - 29.5
29.8,0,27,145,255,29.5 - 29.8
30.2,0,26,145,255,29.8 - 30.2
30.5,0,26,144,255,30.2 - 30.5
30.8,0,26,143,255,30.5 - 30.8
31.1,0,26,142,255,30.8 - 31.1
31.4,0,26,141,255,31.1 - 31.4
31.8,0,25,140,255,31.4 - 31.8
32.1,0,25,139,255,31.8 - 32.1
32.4,0,25,138,255,32.1 - 32.4
32.7,0,25,137,255,32.4 - 32.7
33.1,0,25,136,255,32.7 - 33.1
33.4,0,25,135,255,33.1 - 33.4
33.7,0,24,134,255,33.4 - 33.7
34,0,24,133,255,33.7 - 34
34.3,0,24,132,255,34 - 34.3
34.7,0,24,131,255,34.3 - 34.7
35,0,24,130,255,34.7 - 35
35.3,0,24,130,255,35 - 35.3
35.6,0,23,129,255,35.3 - 35.6
35.9,0,23,128,255,35.6 - 35.9
36.3,0,23,127,255,35.9 - 36.3
36.6,0,23,126,255,36.3 - 36.6
36.9,0,23,125,255,36.6 - 36.9
37.2,0,23,124,255,36.9 - 37.2
37.6,0,22,123,255,37.2 - 37.6
37.9,0,22,122,255,37.6 - 37.9
38.2,0,22,121,255,37.9 - 38.2
38.5,0,22,120,255,38.2 - 38.5
38.8,0,22,119,255,38.5 - 38.8
39.2,0,21,118,255,38.8 - 39.2
39.5,0,21,117,255,39.2 - 39.5
39.8,0,21,116,255,39.5 - 39.8
40.1,0,21,116,255,39.8 - 40.1
40.4,0,21,115,255,40.1 - 40.4
40.8,0,21,114,255,40.4 - 40.8
41.1,0,20,113,255,40.8 - 41.1
41.4,0,20,112,255,41.1 - 41.4
41.7,0,20,111,255,41.4 - 41.7
42.1,0,20,110,255,41.7 - 42.1
42.4,0,20,109,255,42.1 - 42.4
42.7,0,20,108,255,42.4 - 42.7
43,0,19,107,255,42.7 - 43
43.3,0,19,106,255,43 - 43.3
43.7,0,19,105,255,43.3 - 43.7
44,0,19,104,255,43.7 - 44
44.3,0,19,103,255,44 - 44.3
44.6,0,19,102,255,44.3 - 44.6
44.9,0,18,101,255,44.6 - 44.9
45.3,0,18,101,255,44.9 - 45.3
45.6,0,18,100,255,45.3 - 45.6
45.9,0,18,99,255,45.6 - 45.9
46.2,0,18,98,255,45.9 - 46.2
46.6,0,18,97,255,46.2 - 46.6
46.9,0,17,96,255,46.6 - 46.9
47.2,0,17,95,255,46.9 - 47.2
47.5,0,17,94,255,47.2 - 47.5
47.8,0,17,93,255,47.5 - 47.8
48.2,0,17,92,255,47.8 - 48.2
48.5,0,16,91,255,48.2 - 48.5
48.8,0,16,90,255,48.5 - 48.8
49.1,0,16,89,255,48.8 - 49.1
49.5,0,16,88,255,49.1 - 49.5
49.8,0,16,87,255,49.5 - 49.8
50.1,0,16,87,255,49.8 - 50.1
50.4,0,15,86,255,50.1 - 50.4
50.7,0,15,85,255,50.4 - 50.7
51.1,0,15,84,255,50.7 - 51.1
51.4,0,15,83,255,51.1 - 51.4
51.7,0,15,82,255,51.4 - 51.7
52,0,15,81,255,51.7 - 52
52.3,0,14,80,255,52 - 52.3
52.7,0,14,79,255,52.3 - 52.7
53,0,14,78,255,52.7 - 53
53.3,0,14,77,255,53 - 53.3
53.6,0,14,76,255,53.3 - 53.6
54,0,14,75,255,53.6 - 54
54.3,0,13,74,255,54 - 54.3
54.6,0,13,73,255,54.3 - 54.6
54.9,0,13,72,255,54.6 - 54.9
55.2,0,13,72,255,54.9 - 55.2
55.6,0,13,71,255,55.2 - 55.6
55.9,0,12,70,255,55.6 - 55.9
56.2,0,12,69,255,55.9 - 56.2
56.5,0,12,68,255,56.2 - 56.5
56.8,0,12,67,255,56.5 - 56.8
57.2,0,12,66,255,56.8 - 57.2
57.5,0,12,65,255,57.2 - 57.5
57.8,0,11,64,255,57.5 - 57.8
58.1,0,11,63,255,57.8 - 58.1
58.5,0,11,62,255,58.1 - 58.5
58.8,0,11,61,255,58.5 - 58.8
59.1,0,11,60,255,58.8 - 59.1
59.4,0,11,59,255,59.1 - 59.4
59.7,0,10,58,255,59.4 - 59.7
60.1,0,10,58,255,59.7 - 60.1
60.4,0,10,57,255,60.1 - 60.4
60.7,0,10,56,255,60.4 - 60.7
61,0,10,55,255,60.7 - 61
61.3,0,10,54,255,61 - 61.3
61.7,0,9,53,255,61.3 - 61.7
62,0,9,52,255,61.7 - 62
62.3,0,9,51,255,62 - 62.3
62.6,0,9,50,255,62.3 - 62.6
63,0,9,49,255,62.6 - 63
63.3,0,9,48,255,63 - 63.3
63.6,0,8,47,255,63.3 - 63.6
63.9,0,8,46,255,63.6 - 63.9
64.2,0,8,45,255,63.9 - 64.2
64.6,0,8,44,255,64.2 - 64.6
64.9,0,8,43,255,64.6 - 64.9
65.2,0,7,43,255,64.9 - 65.2
65.5,0,7,42,255,65.2 - 65.5
65.9,0,7,41,255,65.5 - 65.9
66.2,0,7,40,255,65.9 - 66.2
66.5,0,7,39,255,66.2 - 66.5
66.8,0,7,38,255,66.5 - 66.8
67.1,0,6,37,255,66.8 - 67.1
67.5,0,6,36,255,67.1 - 67.5
67.8,0,6,35,255,67.5 - 67.8
68.1,0,6,34,255,67.8 - 68.1
68.4,0,6,33,255,68.1 - 68.4
68.7,0,6,32,255,68.4 - 68.7
69.1,0,5,31,255,68.7 - 69.1
69.4,0,5,30,255,69.1 - 69.4
69.7,0,5,29,255,69.4 - 69.7
70,0,5,29,255,69.7 - 70
70.4,0,5,28,255,70 - 70.4
70.7,0,5,27,255,70.4 - 70.7
71,0,4,26,255,70.7 - 71
71.3,0,4,25,255,71 - 71.3
71.6,0,4,24,255,71.3 - 71.6
72,0,4,23,255,71.6 - 72
72.3,0,4,22,255,72 - 72.3
72.6,0,3,21,255,72.3 - 72.6
72.9,0,3,20,255,72.6 - 72.9
73.2,0,3,19,255,72.9 - 73.2
73.6,0,3,18,255,73.2 - 73.6
73.9,0,3,17,255,73.6 - 73.9
74.2,0,3,16,255,73.9 - 74.2
74.5,0,2,15,255,74.2 - 74.5
74.9,0,2,14,255,74.5 - 74.9
75.2,0,2,14,255,74.9 - 75.2
75.5,0,2,13,255,75.2 - 75.5
75.8,0,2,12,255,75.5 - 75.8
76.1,0,2,11,255,75.8 - 76.1
76.5,0,1,10,255,76.1 - 76.5
76.8,0,1,9,255,76.5 - 76.8
77.1,0,1,8,255,76.8 - 77.1
77.4,0,1,7,255,77.1 - 77.4
77.7,0,1,6,255,77.4 - 77.7
78.1,0,1,5,255,77.7 - 78.1
78.4,0,0,4,255,78.1 - 78.4
78.7,0,0,3,255,78.4 - 78.7
79,0,0,2,255,78.7 - 79
79.4,0,0,1,255,79 - 79.4
79.7,0,0,0,255,79.4 - 79.7
inf,0,0,0,255,> 79.7
