# QGIS Generated Color Map Export File
INTERPOLATION:DISCRETE
-1.68,255,0,0,255,<= -1.68
-1.36,253,23,0,255,-1.68 - -1.36
-1.04,250,46,0,255,-1.36 - -1.04
-0.714,247,70,0,255,-1.04 - -0.714
-0.392,244,93,0,255,-0.714 - -0.392
-0.0706,241,117,0,255,-0.392 - -0.0706
0.251,238,140,0,255,-0.0706 - 0.251
0.573,234,162,18,255,0.251 - 0.573
0.894,230,182,85,255,0.573 - 0.894
1.22,227,201,151,255,0.894 - 1.22
1.54,223,221,217,255,1.22 - 1.54
1.86,192,208,218,255,1.54 - 1.86
2.18,159,193,214,255,1.86 - 2.18
2.5,126,178,209,255,2.18 - 2.5
2.82,93,163,205,255,2.5 - 2.82
3.15,62,149,200,255,2.82 - 3.15
3.47,61,147,200,255,3.15 - 3.47
3.79,60,146,200,255,3.47 - 3.79
4.11,60,144,200,255,3.79 - 4.11
4.43,59,143,200,255,4.11 - 4.43
4.75,59,141,200,255,4.43 - 4.75
5.07,58,140,200,255,4.75 - 5.07
5.4,57,138,200,255,5.07 - 5.4
5.72,57,137,200,255,5.4 - 5.72
6.04,56,135,199,255,5.72 - 6.04
6.36,55,134,199,255,6.04 - 6.36
6.68,55,132,199,255,6.36 - 6.68
7,54,131,199,255,6.68 - 7
7.33,53,129,199,255,7 - 7.33
7.65,53,128,199,255,7.33 - 7.65
7.97,52,126,199,255,7.65 - 7.97
8.29,52,125,199,255,7.97 - 8.29
8.61,51,123,199,255,8.29 - 8.61
8.93,50,122,199,255,8.61 - 8.93
9.25,50,120,199,255,8.93 - 9.25
9.58,49,118,199,255,9.25 - 9.58
9.9,48,117,198,255,9.58 - 9.9
10.2,48,115,198,255,9.9 - 10.2
10.5,47,114,198,255,10.2 - 10.5
10.9,46,112,198,255,10.5 - 10.9
11.2,46,111,198,255,10.9 - 11.2
11.5,45,109,198,255,11.2 - 11.5
11.8,45,108,198,255,11.5 - 11.8
12.1,44,106,198,255,11.8 - 12.1
12.5,43,104,198,255,12.1 - 12.5
12.8,41,102,197,255,12.5 - 12.8
13.1,39,99,197,255,12.8 - 13.1
13.4,37,97,197,255,13.1 - 13.4
13.8,34,94,197,255,13.4 - 13.8
14.1,32,91,196,255,13.8 - 14.1
14.4,30,89,196,255,14.1 - 14.4
14.7,28,86,196,255,14.4 - 14.7
15,26,84,196,255,14.7 - 15
15.4,24,81,195,255,15 - 15.4
15.7,22,79,195,255,15.4 - 15.7
16,20,76,195,255,15.7 - 16
16.3,18,73,195,255,16 - 16.3
16.7,16,71,194,255,16.3 - 16.7
17,14,68,194,255,16.7 - 17
17.3,11,66,194,255,17 - 17.3
17.6,9,63,193,255,17.3 - 17.6
17.9,7,60,193,255,17.6 - 17.9
18.3,5,58,193,255,17.9 - 18.3
18.6,3,55,193,255,18.3 - 18.6
18.9,1,53,192,255,18.6 - 18.9
19.2,0,51,191,255,18.9 - 19.2
19.5,0,50,188,255,19.2 - 19.5
19.9,0,49,184,255,19.5 - 19.9
20.2,0,48,181,255,19.9 - 20.2
20.5,0,47,177,255,20.2 - 20.5
20.8,0,46,174,255,20.5 - 20.8
21.2,0,45,170,255,20.8 - 21.2
21.5,0,44,167,255,21.2 - 21.5
21.8,0,43,163,255,21.5 - 21.8
22.1,0,42,160,255,21.8 - 22.1
22.4,0,41,156,255,22.1 - 22.4
22.8,0,40,153,255,22.4 - 22.8
23.1,0,39,149,255,22.8 - 23.1
23.4,0,39,146,255,23.1 - 23.4
23.7,0,38,142,255,23.4 - 23.7
24,0,37,139,255,23.7 - 24
24.4,0,36,135,255,24 - 24.4
24.7,0,35,132,255,24.4 - 24.7
25,0,34,128,255,24.7 - 25
25.3,0,33,126,255,25 - 25.3
25.7,0,33,125,255,25.3 - 25.7
26,0,33,124,255,25.7 - 26
26.3,0,33,124,255,26 - 26.3
26.6,0,32,123,255,26.3 - 26.6
26.9,0,32,122,255,26.6 - 26.9
27.3,0,32,121,255,26.9 - 27.3
27.6,0,32,121,255,27.3 - 27.6
27.9,0,32,120,255,27.6 - 27.9
28.2,0,31,119,255,27.9 - 28.2
28.5,0,31,118,255,28.2 - 28.5
28.9,0,31,118,255,28.5 - 28.9
29.2,0,31,117,255,28.9 - 29.2
29.5,0,31,116,255,29.2 - 29.5
29.8,0,30,115,255,29.5 - 29.8
30.2,0,30,115,255,29.8 - 30.2
30.5,0,30,114,255,30.2 - 30.5
30.8,0,30,113,255,30.5 - 30.8
31.1,0,30,112,255,30.8 - 31.1
31.4,0,29,112,255,31.1 - 31.4
31.8,0,29,111,255,31.4 - 31.8
32.1,0,29,110,255,31.8 - 32.1
32.4,0,29,109,255,32.1 - 32.4
32.7,0,29,109,255,32.4 - 32.7
33.1,0,28,108,255,32.7 - 33.1
33.4,0,28,107,255,33.1 - 33.4
33.7,0,28,106,255,33.4 - 33.7
34,0,28,106,255,33.7 - 34
34.3,0,28,105,255,34 - 34.3
34.7,0,27,104,255,34.3 - 34.7
35,0,27,103,255,34.7 - 35
35.3,0,27,103,255,35 - 35.3
35.6,0,27,102,255,35.3 - 35.6
35.9,0,27,101,255,35.6 - 35.9
36.3,0,26,100,255,35.9 - 36.3
36.6,0,26,100,255,36.3 - 36.6
36.9,0,26,99,255,36.6 - 36.9
37.2,0,26,98,255,36.9 - 37.2
37.6,0,26,98,255,37.2 - 37.6
37.9,0,25,97,255,37.6 - 37.9
38.2,0,25,96,255,37.9 - 38.2
38.5,0,25,95,255,38.2 - 38.5
38.8,0,25,95,255,38.5 - 38.8
39.2,0,25,94,255,38.8 - 39.2
39.5,0,24,93,255,39.2 - 39.5
39.8,0,24,92,255,39.5 - 39.8
40.1,0,24,92,255,39.8 - 40.1
40.4,0,24,91,255,40.1 - 40.4
40.8,0,24,90,255,40.4 - 40.8
41.1,0,23,89,255,40.8 - 41.1
41.4,0,23,89,255,41.1 - 41.4
41.7,0,23,88,255,41.4 - 41.7
42.1,0,23,87,255,41.7 - 42.1
42.4,0,23,86,255,42.1 - 42.4
42.7,0,22,86,255,42.4 - 42.7
43,0,22,85,255,42.7 - 43
43.3,0,22,84,255,43 - 43.3
43.7,0,22,83,255,43.3 - 43.7
44,0,22,83,255,43.7 - 44
44.3,0,21,82,255,44 - 44.3
44.6,0,21,81,255,44.3 - 44.6
44.9,0,21,80,255,44.6 - 44.9
45.3,0,21,80,255,44.9 - 45.3
45.6,0,21,79,255,45.3 - 45.6
45.9,0,20,78,255,45.6 - 45.9
46.2,0,20,77,255,45.9 - 46.2
46.6,0,20,77,255,46.2 - 46.6
46.9,0,20,76,255,46.6 - 46.9
47.2,0,20,75,255,46.9 - 47.2
47.5,0,20,74,255,47.2 - 47.5
47.8,0,19,74,255,47.5 - 47.8
48.2,0,19,73,255,47.8 - 48.2
48.5,0,19,72,255,48.2 - 48.5
48.8,0,19,72,255,48.5 - 48.8
49.1,0,19,71,255,48.8 - 49.1
49.5,0,18,70,255,49.1 - 49.5
49.8,0,18,69,255,49.5 - 49.8
50.1,0,18,69,255,49.8 - 50.1
50.4,0,18,68,255,50.1 - 50.4
50.7,0,18,67,255,50.4 - 50.7
51.1,0,17,66,255,50.7 - 51.1
51.4,0,17,66,255,51.1 - 51.4
51.7,0,17,65,255,51.4 - 51.7
52,0,17,64,255,51.7 - 52
52.3,0,17,63,255,52 - 52.3
52.7,0,16,63,255,52.3 - 52.7
53,0,16,62,255,52.7 - 53
53.3,0,16,61,255,53 - 53.3
53.6,0,16,60,255,53.3 - 53.6
54,0,16,60,255,53.6 - 54
54.3,0,15,59,255,54 - 54.3
54.6,0,15,58,255,54.3 - 54.6
54.9,0,15,57,255,54.6 - 54.9
55.2,0,15,57,255,54.9 - 55.2
55.6,0,15,56,255,55.2 - 55.6
55.9,0,14,55,255,55.6 - 55.9
56.2,0,14,54,255,55.9 - 56.2
56.5,0,14,54,255,56.2 - 56.5
56.8,0,14,53,255,56.5 - 56.8
57.2,0,14,52,255,56.8 - 57.2
57.5,0,13,51,255,57.2 - 57.5
57.8,0,13,51,255,57.5 - 57.8
58.1,0,13,50,255,57.8 - 58.1
58.5,0,13,49,255,58.1 - 58.5
58.8,0,13,49,255,58.5 - 58.8
59.1,0,12,48,255,58.8 - 59.1
59.4,0,12,47,255,59.1 - 59.4
59.7,0,12,46,255,59.4 - 59.7
60.1,0,12,46,255,59.7 - 60.1
60.4,0,12,45,255,60.1 - 60.4
60.7,0,11,44,255,60.4 - 60.7
61,0,11,43,255,60.7 - 61
61.3,0,11,43,255,61 - 61.3
61.7,0,11,42,255,61.3 - 61.7
62,0,11,41,255,61.7 - 62
62.3,0,10,40,255,62 - 62.3
62.6,0,10,40,255,62.3 - 62.6
63,0,10,39,255,62.6 - 63
63.3,0,10,38,255,63 - 63.3
63.6,0,10,37,255,63.3 - 63.6
63.9,0,9,37,255,63.6 - 63.9
64.2,0,9,36,255,63.9 - 64.2
64.6,0,9,35,255,64.2 - 64.6
64.9,0,9,34,255,64.6 - 64.9
65.2,0,9,34,255,64.9 - 65.2
65.5,0,8,33,255,65.2 - 65.5
65.9,0,8,32,255,65.5 - 65.9
66.2,0,8,31,255,65.9 - 66.2
66.5,0,8,31,255,66.2 - 66.5
66.8,0,8,30,255,66.5 - 66.8
67.1,0,7,29,255,66.8 - 67.1
67.5,0,7,28,255,67.1 - 67.5
67.8,0,7,28,255,67.5 - 67.8
68.1,0,7,27,255,67.8 - 68.1
68.4,0,7,26,255,68.1 - 68.4
68.7,0,6,25,255,68.4 - 68.7
69.1,0,6,25,255,68.7 - 69.1
69.4,0,6,24,255,69.1 - 69.4
69.7,0,6,23,255,69.4 - 69.7
70,0,6,23,255,69.7 - 70
70.4,0,5,22,255,70 - 70.4
70.7,0,5,21,255,70.4 - 70.7
71,0,5,20,255,70.7 - 71
71.3,0,5,20,255,71 - 71.3
71.6,0,5,19,255,71.3 - 71.6
72,0,4,18,255,71.6 - 72
72.3,0,4,17,255,72 - 72.3
72.6,0,4,17,255,72.3 - 72.6
72.9,0,4,16,255,72.6 - 72.9
73.2,0,4,15,255,72.9 - 73.2
73.6,0,3,14,255,73.2 - 73.6
73.9,0,3,14,255,73.6 - 73.9
74.2,0,3,13,255,73.9 - 74.2
74.5,0,3,12,255,74.2 - 74.5
74.9,0,3,11,255,74.5 - 74.9
75.2,0,2,11,255,74.9 - 75.2
75.5,0,2,10,255,75.2 - 75.5
75.8,0,2,9,255,75.5 - 75.8
76.1,0,2,8,255,75.8 - 76.1
76.5,0,2,8,255,76.1 - 76.5
76.8,0,1,7,255,76.5 - 76.8
77.1,0,1,6,255,76.8 - 77.1
77.4,0,1,5,255,77.1 - 77.4
77.7,0,1,5,255,77.4 - 77.7
78.1,0,1,4,255,77.7 - 78.1
78.4,0,0,3,255,78.1 - 78.4
78.7,0,0,2,255,78.4 - 78.7
79,0,0,2,255,78.7 - 79
79.4,0,0,1,255,79 - 79.4
79.7,0,0,0,255,79.4 - 79.7
inf,0,0,0,255,> 79.7
